0.147892 1
0.201229 2
0.255521 3
0.322706 2
0.387242 1
0.396198 2
0.410238 3
0.42458 3
0.442319 3
0.453543 2
0.470158 1
0.484079 1
0.498368 1
0.537791 1
0.553978 2
0.571023 3
0.588847 3
0.599631 2
0.620147 1
0.633172 2
0.645186 3
0.661559 2
0.672861 1
0.708562 1
0.744617 2
0.791837 3
0.829553 2
0.864319 3
0.909311 2
0.936871 3
0.958741 2
0.973908 1
0.994159 1
1.024049 2
1.064887 3
1.094012 3
1.130556 2
1.162169 1
1.196809 2
1.222008 3
1.240142 2
1.252028 1
1.277995 1
1.291009 2
1.305437 3
1.319713 3
1.347987 3
1.371729 2
1.391864 1
1.401438 1
1.424142 1
1.443434 1
1.454837 1
1.472229 1
1.48854 2
1.502306 1
1.516661 2
1.532488 1
1.542815 2
1.553401 3
1.588086 3
1.620982 3
1.645967 2
1.675291 2
1.710766 1
1.739889 1
1.773648 1
1.791872 1
1.805484 2
1.816991 3
1.832648 3
1.844948 2
1.862221 1
1.892947 1
1.927835 2
1.96253 3
1.996667 3
2.029853 2
2.057171 1
2.072183 2
2.104395 1
2.119834 1
2.132207 2
2.142946 1
2.172204 2
2.188565 2
2.200473 2
2.209713 1
2.245428 1
2.272318 1
2.282467 2
2.297197 1
2.310525 2
2.332744 1
2.353622 2
2.386818 1
2.423701 1
2.442483 2
2.45339 3
2.49704 3
2.530487 2
2.567038 3
2.601306 2
2.640026 2
2.67315 2
2.711133 2
2.729156 1
2.744098 1
2.787952 1
2.825617 2
2.861836 3
2.899004 2
2.935919 1
2.966553 2
3.002512 3
3.03474 2
3.052805 1
3.069851 1
3.101027 2
3.138316 3
3.171318 3
3.203224 3
3.234658 3
3.270241 2
3.28628 2
3.303163 2
3.335596 2
3.36793 2
3.402099 1
3.433531 1
3.474921 1
3.506797 2
3.542189 3
3.574166 2
3.606318 1
3.639029 1
3.668128 2
3.702135 3
3.719361 2
3.738647 1
3.750546 1
3.761885 2
3.777089 2
3.787546 2
3.806076 1
3.818224 2
3.829828 3
3.845752 3
3.855002 3
3.865261 2
3.874821 1
3.886557 1
3.897363 1
3.913555 2
3.924503 1
3.934288 2
3.943803 1
3.955348 2
3.96699 1
3.98231 2
3.993147 3
