0.147892 1
0.201229 2
0.255521 3
0.322706 2
0.387242 1
0.396198 2
0.410238 3
0.42458 3
0.442319 3
0.453543 2
0.470158 1
0.484079 1
0.498368 1
0.537791 1
0.553978 2
0.571023 3
0.588847 3
0.599631 2
0.620147 1
0.633172 2
0.645186 3
0.661559 2
0.672861 1
0.708562 1
0.744617 2
0.791837 3
0.829553 2
0.864319 3
0.909311 2
0.936871 3
0.958741 2
0.973908 1
0.994159 1
1.024049 2
1.064887 3
1.094012 3
1.130556 2
1.162169 1
1.196809 2
1.222008 3
1.240142 2
1.252028 1
1.277995 1
1.291009 2
1.305437 3
1.319713 3
1.347987 3
1.371729 2
1.391864 1
1.401438 1
1.424142 1
1.443434 1
1.454837 1
1.472229 1
1.48854 2
1.502306 1
1.516661 2
1.532488 1
1.542815 2
1.553401 3
1.588086 3
1.620982 3
1.645967 2
1.675291 2
1.710766 1
1.739889 1
1.773648 1
1.791872 1
1.805484 2
1.816991 3
1.832648 3
1.844948 2
1.862221 1
1.892947 1
1.927835 2
1.96253 3
1.996667 3
2.029853 2
2.057171 1
2.072183 2
2.104395 1
2.119834 1
2.132207 2
2.142946 1
2.172204 2
2.188565 2
2.200473 2
2.209713 1
2.245428 1
2.272318 1
2.282467 2
2.297197 1
2.310525 2
2.332744 1
2.353622 2
2.386818 1
2.423701 1
2.442483 2
2.45339 3
2.49704 3
2.530487 2
2.567038 3
2.601306 2
2.640026 2
2.67315 2
2.711133 2
2.729156 1
2.744098 1
2.787952 1
2.825617 2
2.861836 3
2.899004 2
2.935919 1
2.966553 2
3.002512 3
3.03474 2
3.052805 1
3.069851 1
3.101027 2
3.138316 3
3.171318 3
3.203224 3
3.234658 3
3.270241 2
3.28628 2
3.303163 2
3.335596 2
3.36793 2
3.402099 1
3.433531 1
3.474921 1
3.506797 2
3.542189 3
3.574166 2
3.606318 1
3.639029 1
3.668128 2
3.702135 3
3.719361 2
3.738647 1
3.750546 1
3.761885 2
3.777089 2
3.787546 2
3.806076 1
3.818224 2
3.829828 3
3.845752 3
3.855002 3
3.865261 2
3.874821 1
3.886557 1
3.897363 1
3.913555 2
3.924503 1
3.934288 2
3.943803 1
3.955348 2
3.96699 1
3.98231 2
3.993147 3


0.4985276350003 1
1.6582403940001 2
3.0306943540004 3
4.6982332440002 2
6.4809156340002 1
7.1156483740001 2
8.0990887940002 3
8.749877616 2
9.7339454510002 1
10.383551614 2
11.334282073 3
11.701267653 2
11.967825955 1
12.351467391 2
12.617869761 3
13.435720362 3
14.368222786 3
15.302222316 3
16.23608407 3
17.053941447 3
17.903653394 3
18.903899733 3
19.62145307 2
20.605107722 2
21.72258669 2
22.789362528 2
23.773303377 2
24.456989859 1
25.040434762 1
25.390324095 1
25.624212558 1
26.308542602 3
26.859039074 3
27.357617815 2
28.12569568 2
28.659926804 2
29.059228119 1
29.742806661 1
30.225924127 2
30.560183852 3
30.944179186 3
31.276215369 2
31.560662904 1
31.911261281 2
32.110968739 3
32.327251907 3
33.127618809 3
33.794976783 3
33.99487327 2
34.762365953 2
35.429522259 2
35.912955942 1
36.595245479 1
37.480143551 2
37.780201841 3
38.113956743 3
38.68034673 2
39.114663029 1
39.931108003 2
40.748159901 3
41.581334115 2
42.39934963 3
43.233174155 2
43.466411946 3
44.000054295 2
44.850332162 3
45.149813845 3
45.416033758 2
45.717549112 1
46.618036828 1
47.300208303 2
48.134087024 3
48.91785926 3
49.702792644 2
50.519947395 1
51.27018172 2
51.703811972 3
52.137275172 2
52.486995157 1
52.787881179 2
53.838406739 3
54.704926587 3
55.488598679 3
56.322453647 3
57.139330421 2
57.956856011 2
58.757050511 1
59.57425136 1
60.274522619 3
61.208372423 3
62.024439866 2
62.909243001 2
63.709327066 1
64.410113598 1
65.243479576 2
65.676977153 3
66.077056826 2
66.477364158 1
66.877625003 1
67.727411245 2
68.57742956 3
69.378471306 3
70.262414126 2
71.02953147 1
71.796482798 2
72.5965976 3
73.397127995 1
74.246701387 1
75.064750067 2
75.84857714 2
76.71432063 3
77.515832555 3
78.316272039 2
79.116599597 2
79.900303127 1
80.733930437 2
81.58332435 3
82.484799407 2
83.351666519 1
83.669013639 1
83.919241259 2
84.218983084 3
84.769239079 2
85.134506992 2
85.469660596 1
86.419446049 1
86.785890405 1
87.103643021 2
87.437703784 3
87.7199312 2
88.137319602 1
88.454487018 2
88.704438864 3
89.121674454 2
89.353528725 1
