0.151674 1
0.063561 2
0.070674 3
0.070134 2
0.072871 1
0.013184 2
0.014959 3
0.043251 3
0.015084 2
0.014395 1
0.043521 1
0.017012 2
0.015984 3
0.04179 3
0.016356 2
0.013956 1
0.018175 2
0.010492 3
0.041043 3
0.052577 3
0.038165 3
0.036683 2
0.030938 2
0.034417 1
0.035358 1
0.051001 2
0.030014 2
0.031617 3
0.033181 3
0.036374 3
0.033779 2
0.034366 1
0.015116 2
0.014779 3
0.020095 2
0.01069 1
0.028803 1
0.039342 2
0.039831 3
0.036712 2
0.041762 1
0.034084 2
0.019364 3
0.013884 2
0.013193 1
0.016684 2
0.01006 3
0.011251 2
0.029847 1
0.030062 1
0.031812 2
0.032157 2
0.02447 3
0.028674 3
0.036116 2
0.023188 3
0.023773 2
0.012644 3
0.0088550000000001 2
0.029416 1
0.034334 2
0.037931 3
0.038068 2
0.036919 1
0.013229 2
0.011618 3
0.036758 3
0.01927 2
0.017564 1
0.031932 1
0.036356 2
0.035812 3
0.03674 3
0.031131 2
0.030681 1
0.029877 2
0.034917 1
0.013582 2
0.01299 3
0.03975 3
0.032444 3
0.033129 3
0.033731 2
0.033368 2
0.032316 1
0.036875 1
0.031698 1
0.037443 2
0.031365 2
0.029445 3
0.033552 3
0.029145 2
0.028603 2
0.034168 1
0.028687 2
0.018473 3
0.017642 3
0.034123 2
0.03624 1
0.034015 1
0.033157 2
0.031753 1
0.032282 2
0.032626 1
0.030631 3
0.036107 2
0.031968 1
0.032707 2
0.035842 3
0.033967 2
0.033873 1
0.034035 2
0.031188 3
0.034191 2
0.035972 1
0.036073 1
0.034391 2
0.0159 3
0.014148 3
0.018373 3
0.011941 2
0.0093049999999999 1
0.010513 1
0.014014 1
0.012294 1
0.016067 2
0.0086880000000003 3
0.015025000000001 3
0.01361 2
0.014153 1
0.015822 1
0.0095009999999993 2
0.0091320000000001 3
0.010774000000001 2
0.013015 1
0.011892 2
0.016788 3
0.013103 2
