0.91320185199993 2
2.1903395200002 3
3.7583847230003 2
5.393582619 1
7.010433637 2
7.844621235 3
8.6781268190002 2
9.3778627189999 1
10.295373697 2
10.979165472 3
11.895664134 3
12.563066864 2
13.263336768 1
14.213973712 1
15.146919354 1
15.982370934 1
17.015459844 1
17.982410218 1
18.533610245 2
19.199975595 2
20.133221022 2
21.050503808 2
22.051004799 2
22.951451106 2
23.901177808 3
24.851853465 3
25.602999861 3
25.952635011 2
26.202446258 1
26.936803371 1
27.852291687 1
28.703122713 2
29.587904785 2
30.45477506 3
31.23852867 3
31.754760697 2
32.222616638 1
32.571819744 2
32.838913152 3
33.58957052 3
34.40692203 3
35.157330945 2
35.990937604 2
36.657571672 1
37.491769677 1
38.057816423 2
38.658890814 1
39.175753974 2
39.658724062 3
40.45970231 3
41.326535329 2
42.110200559 2
42.893926004 1
43.811116101 1
44.611600387 2
45.411475084 1
45.778934371 2
46.261725539 3
47.046356036 3
47.812722111 2
48.730452425 1
49.514089799 1
50.313555632 2
51.097656565 1
51.914452373 2
52.265521691 1
52.798388848 2
53.099319381 3
53.415873241 2
54.383340615 1
55.26687647 1
56.065961488 2
56.867359035 2
57.701003442 3
58.568014111 3
59.385676061 2
60.18602505 2
60.968208206 1
61.852733772 1
62.637354775 2
63.487428564 2
64.254491622 3
65.038168954 3
65.804741565 2
66.289051919 1
66.655693749 2
67.072304834 3
67.473246321 3
68.306081859 3
69.055860265 2
69.857063961 2
70.657503402 1
71.490405141 1
71.991350947 2
72.441527026 1
72.775505317 2
73.175007181 1
73.557994735 2
73.959699066 3
74.825956253 3
75.576563816 2
76.393544238 1
77.226937476 1
78.060570768 2
78.877382263 3
79.678171363 2
80.445374093 1
81.295923056 2
82.163093452 3
82.946116746 2
83.812392168 1
84.130573532 2
84.447061082 3
85.41381142 3
85.781242759 2
86.098637752 1
87.01545491 1
87.398347808 2
87.73212815 3
88.715959387 3
89.049365145 2
89.333019657 1
89.732981219 2
89.983680485 3